Some((
    red: 0.9019608,
    green: 0.64705884,
    blue: 0.24705881,
))