Some((
    red: 0.05490196,
    green: 0.078431375,
    blue: 0.08627451,
    alpha: 1.0,
))