Some((
    red: 0.9254902,
    green: 0.8627451,
    blue: 0.7607843,
))